2001-07-26 1094.0 0.3 15.56 0.97 1100.0 CE 21.15 0.05 1.93327239488 -21.1 1 78.9
2001-08-30 1053.4 0.3 14.92 1.18 1100.0 CE 5.75 0.05 0.545851528384 -5.7 1 73.2
2001-09-27 1064.15 0.3 15.25 1.37 1100.0 CE 3.65 0.05 0.342996757976 -3.6 2 66.0
2001-10-25 890.0 0.3 12.81 1.68 900.0 CE 18.85 80.0 2.11797752809 61.15 1 127.15
2001-11-29 983.2 0.3 14.26 1.59 1000.0 CE 12.5 67.0 1.27135882832 54.5 1 181.65
2001-12-27 1067.15 0.3 15.46 1.5 1100.0 CE 12.45 0.25 1.16665885771 -12.2 1 169.45
2002-01-31 1020.0 0.3 14.78 1.57 1000.0 CE 46.0 79.85 4.50980392157 33.85 1 203.3
2002-02-28 1075.4 0.7 16.99 1.72 1100.0 CE 18.05 34.0 1.67844522968 15.95 1 219.25
2002-03-28 1142.05 0.7 18.38 1.33 1100.0 CE 36.2 50.0 3.16973862791 13.8 1 233.05
2002-04-25 1129.55 0.7 18.1 1.34 1100.0 CE 48.0 1.3 4.24947988137 -46.7 1 186.35
2002-05-30 1094.3 0.7 17.85 1.42 1100.0 CE 20.8 0.05 1.90075847574 -20.75 1 165.6
2002-08-29 1001.55 0.7 14.9 2.2 1000.0 CE 26.2 0.25 2.61594528481 -25.95 1 139.65
2002-09-26 987.25 0.7 14.69 2.02 1000.0 CE 9.0 0.05 0.911623195746 -8.95 1 130.7
2002-10-31 969.9 0.7 14.43 2.22 1000.0 CE 4.35 0.1 0.448499845345 -4.25 3 117.95
2002-11-28 951.4 0.7 14.47 2.21 1000.0 CE 1.35 49.7 0.141896153038 48.35 8 504.75
2002-12-26 1049.7 0.7 14.24 2.5 1000.0 CE 42.4 85.0 4.03924930933 42.6 1 547.35
2003-01-30 1094.8 0.7 14.85 2.39 1100.0 CE 18.65 0.05 1.70350748995 -18.6 2 510.15
2003-03-27 1052.95 1 14.28 2.49 1100.0 CE 7.15 0.1 0.679044589012 -7.05 7 460.8
2003-04-24 1002.7 1 13.69 2.86 1000.0 CE 16.95 0.05 1.69043582328 -16.9 2 427.0
2003-06-26 1002.6 1 11.61 2.97 1000.0 CE 15.15 118.0 1.51107121484 102.85 2 632.7
2003-07-31 1116.35 1 12.75 2.66 1100.0 CE 25.6 85.0 2.29318762037 59.4 2 751.5
2003-08-28 1185.85 1 12.84 2.23 1200.0 CE 16.4 136.25 1.38297423789 119.85 4 1230.9
2003-09-25 1341.05 1 14.78 1.95 1300.0 CE 53.4 59.1 3.98195443869 5.7 2 1242.3
2003-10-30 1357.2 1 14.95 1.93 1400.0 CE 28.4 118.0 2.09254347185 89.6 4 1600.7
2003-11-27 1516.85 1 16.72 1.82 1500.0 CE 58.6 98.0 3.86326927514 39.4 2 1679.5
2003-12-24 1598.35 1 17.62 1.72 1600.0 CE 41.45 210.0 2.59329933994 168.55 4 2353.7
2004-01-29 1808.7 1 19.95 1.52 1800.0 CE 44.2 51.8 2.44374412562 7.6 5 2391.7
2004-02-26 1843.6 0.7 20.34 1.49 1800.0 CE 98.5 0.1 5.34280755044 -98.4 2 2194.9
2004-03-25 1765.8 0.7 19.37 1.55 1800.0 CE 40.4 0.25 2.28791482614 -40.15 5 1994.15
2004-04-29 1704.45 0.7 19.91 1.84 1700.0 CE 58.6 107.75 3.43805919798 49.15 3 2141.6
2004-05-27 1808.95 0.7 18.82 1.97 1800.0 CE 54.0 0.05 2.98515713535 -53.95 3 1979.75
2004-06-24 1586.4 0.7 13.65 2.42 1600.0 CE 40.2 0.05 2.53403933434 -40.15 4 1819.15
2004-07-29 1470.75 0.7 11.82 2.64 1500.0 CE 39.3 117.25 2.67210606833 77.95 4 2130.95
2004-08-26 1618.7 0.7 13.52 2.47 1600.0 CE 41.8 10.05 2.58231914499 -31.75 5 1972.2
2004-09-30 1610.75 0.7 13.46 2.44 1600.0 CE 40.9 145.25 2.53918981841 104.35 4 2389.6
2004-10-28 1745.5 0.7 14.59 2.18 1700.0 CE 59.85 103.1 3.42881695789 43.25 3 2519.35
2004-11-25 1800.1 0.7 15.04 2.12 1800.0 CE 38.65 102.3 2.14710293873 63.65 6 2901.25
2004-12-30 1901.05 0.7 15.91 1.97 1900.0 CE 37.55 161.05 1.9752242182 123.5 7 3765.75
2005-01-27 2059.8 0.7 15.17 1.85 2100.0 CE 27.4 0.1 1.33022623556 -27.3 13 3410.85
2005-02-24 1955.0 1 13.84 2.04 2000.0 CE 30.9 55.55 1.58056265985 24.65 11 3682.0
2005-03-31 2055.3 1 14.29 2.04 2100.0 CE 44.15 0.1 2.14810489953 -44.05 8 3329.6
2005-04-28 2035.65 1 14.6 1.97 2000.0 CE 65.65 0.15 3.22501412325 -65.5 5 3002.1
2005-05-26 1941.3 1 13.55 2.07 1900.0 CE 47.7 172.1 2.45711636532 124.4 6 3748.5
2005-06-30 2074.7 1 13.95 1.98 2100.0 CE 14.65 117.65 0.706126186919 103.0 25 6323.5
2005-08-25 2319.1 1 14.69 1.61 2300.0 CE 51.7 47.75 2.2293130956 -3.95 12 6276.1
2005-09-29 2354.55 1 14.58 1.62 2400.0 CE 23.85 211.5 1.01293240747 187.65 26 11155.0
2005-10-27 2611.2 1 16.21 1.69 2600.0 CE 68.4 0.05 2.61948529412 -68.35 16 10061.4
2005-11-24 2352.9 1 14.01 1.88 2400.0 CE 44.4 230.0 1.88703302308 185.6 22 14144.6
2005-12-29 2635.0 1 15.84 1.68 2600.0 CE 86.8 216.65 3.29411764706 129.85 16 16222.2
2006-01-25 2821.95 1 17.07 1.57 2800.0 CE 72.45 141.6 2.56737362462 69.15 22 17743.5
2006-02-23 2940.35 0.7 17.02 1.54 2900.0 CE 73.2 163.65 2.48949954937 90.45 24 19914.3
2006-03-30 3062.1 0.7 18.19 1.48 3100.0 CE 59.4 310.9 1.93984520427 251.5 33 28213.8
2006-04-27 3418.95 0.7 20.35 1.32 3400.0 CE 82.1 102.6 2.40132204332 20.5 34 28910.8
2006-05-25 3508.1 0.7 20.58 1.29 3500.0 CE 96.9 0.05 2.76217895727 -96.85 29 26102.15
2006-06-29 3177.7 0.7 18.39 1.43 3200.0 CE 88.45 0.25 2.78345973503 -88.2 29 23544.35
2006-07-27 2997.9 0.7 17.67 1.56 3000.0 CE 118.75 153.7 3.96110610761 34.95 19 24208.4
2006-08-31 3156.15 0.7 17.83 1.57 3200.0 CE 77.85 212.9 2.46661280357 135.05 31 28394.95
2006-09-28 3413.9 0.7 19.15 1.47 3400.0 CE 90.95 171.25 2.66410849761 80.3 31 30884.25
2006-10-26 3571.75 0.7 20.83 1.33 3600.0 CE 75.55 75.65 2.11520963113 0.1 40 30888.25
2006-11-30 3677.55 0.7 20.79 1.35 3700.0 CE 94.9 256.25 2.58052235864 161.35 32 36051.45
2006-12-28 3954.5 0.7 21.18 1.22 4000.0 CE 75.0 0.5 1.89657352383 -74.5 48 32475.45
2007-01-25 3970.55 0.7 21.28 1.22 4000.0 CE 91.1 140.65 2.29439246452 49.55 35 34209.7
2007-02-22 4147.7 0.3 21.35 1.15 4100.0 CE 113.15 1.4 2.72801793765 -111.75 30 30857.2
2007-03-29 4040.0 0.3 19.42 1.18 4000.0 CE 177.65 0.15 4.39727722772 -177.5 17 27839.7
2007-04-26 3798.1 0.3 18.29 1.25 3800.0 CE 120.8 376.8 3.18053763724 256.0 23 33727.7
2007-05-31 4177.85 0.3 20.25 1.12 4200.0 CE 106.85 90.5 2.55753557452 -16.35 31 33220.85
2007-06-28 4295.8 0.3 20.41 1.1 4300.0 CE 87.9 1.05 2.04618464547 -86.85 37 30007.4
2007-07-26 4282.0 0.3 20.42 1.12 4300.0 CE 75.4 316.1 1.76085941149 240.7 39 39394.7
2007-08-30 4619.8 0.3 21.71 1.05 4600.0 CE 105.05 0.25 2.27390796138 -104.8 37 35517.1
2007-09-27 4412.3 0.3 19.96 1.11 4400.0 CE 114.75 597.75 2.60068445029 483.0 30 50007.1
2007-10-25 5000.55 0.3 22.49 1.07 5000.0 CE 156.8 565.0 3.13565507794 408.2 31 62661.3
2007-11-29 5568.95 0.3 25.01 0.97 5600.0 CE 224.5 55.45 4.03128058252 -169.05 27 58096.95
2007-12-27 5634.6 0.3 24.65 0.95 5600.0 CE 258.6 487.3 4.58950058567 228.7 22 63128.35
2008-01-31 6081.5 0.3 27.36 0.85 6100.0 CE 201.55 0.15 3.3141494697 -201.4 31 56884.95
2008-02-28 5137.45 0 21.97 0.99 5100.0 PE 304.8 0.15 5.93290445649 -304.65 18 51401.25
2008-03-27 5285.1 0 22.53 0.97 5300.0 PE 241.55 446.0 4.570396019 204.45 21 55694.7
2008-04-24 4830.25 0 21.05 1.04 4800.0 PE 160.8 0.15 3.32902023705 -160.65 34 50232.6
2008-05-29 4999.85 0 21.57 1.0 5000.0 PE 174.85 159.05 3.49710491315 -15.8 28 49790.2
2008-06-26 4835.3 0 20.59 1.1 4800.0 PE 139.25 490.95 2.87986267657 351.7 35 62099.7
2008-07-31 4315.85 0 18.45 1.26 4300.0 PE 216.4 2.15 5.0140760221 -214.25 28 56100.7
2008-08-28 4332.95 0 18.22 1.28 4300.0 PE 161.55 77.3 3.72840674367 -84.25 34 53236.2
2008-09-25 4214.0 0 17.81 1.33 4200.0 PE 147.3 87.05 3.49549121974 -60.25 36 51067.2
2008-10-29 4110.55 0 17.66 1.38 4100.0 PE 150.9 1410.8 3.67104158811 1259.9 33 92643.9
2009-01-29 2916.85 0 12.79 1.94 2900.0 PE 142.35 76.0 4.88026466908 -66.35 65 88331.15
2009-02-26 2823.95 1 13.17 1.98 2800.0 CE 131.5 0.05 4.65659802759 -131.45 67 79524.0
2009-03-26 2785.65 1 13.22 2.01 2800.0 CE 97.3 283.0 3.49290111823 185.7 81 94565.7
2009-05-28 3473.95 1 16.53 1.6 3500.0 CE 160.0 838.0 4.6057081996 678.0 59 134567.7
2009-06-25 4337.1 1 20.32 1.26 4300.0 CE 185.4 0.05 4.27474579788 -185.35 72 121222.5
2009-07-30 4241.85 1 19.07 1.3 4200.0 CE 231.9 367.5 5.46695427703 135.6 52 128273.7
2009-08-27 4571.45 1 20.31 1.12 4600.0 CE 162.0 88.0 3.54373338875 -74.0 79 122427.7
2009-09-24 4688.2 1 21.01 1.09 4700.0 CE 166.2 286.1 3.54507060279 119.9 73 131180.4
2009-10-29 4986.55 1 22.46 1.02 5000.0 CE 142.8 0.1 2.86370336204 -142.7 91 118194.7
2009-11-26 4750.55 1 21.0 1.05 4800.0 CE 126.3 199.5 2.65863952595 73.2 93 125002.3
2009-12-31 5005.55 1 22.25 0.99 5000.0 CE 145.55 197.9 2.90777237267 52.35 85 129452.05
2010-01-28 5201.05 1 23.17 0.95 5200.0 CE 129.9 0.05 2.49757260553 -129.85 99 116596.9
2010-02-25 4867.25 0 21.09 1.01 4900.0 PE 154.65 39.95 3.17735887822 -114.7 75 107994.4
2010-03-25 4859.75 0 20.79 1.02 4900.0 PE 168.9 0.05 3.47548742219 -168.85 63 97356.85
2010-04-29 5260.4 0 22.38 0.94 5300.0 PE 114.8 42.65 2.18234354802 -72.15 84 91296.25
2010-05-27 5254.15 0 22.22 0.93 5300.0 PE 138.7 288.5 2.63981804859 149.8 65 101033.25
2010-06-24 5003.1 0 20.88 0.98 5000.0 PE 149.1 0.05 2.98015230557 -149.05 67 91046.9
2010-07-29 5320.6 0 22.28 0.92 5300.0 PE 113.9 0.05 2.14073600722 -113.85 79 82052.75
2010-08-26 5408.9 0 22.49 1.01 5400.0 PE 91.2 0.05 1.68610992993 -91.15 89 73940.4
2010-09-30 5477.9 0 23.05 1.11 5500.0 PE 119.5 0.05 2.18149290787 -119.45 61 66653.95
2010-10-28 6029.95 0 25.46 1.03 6000.0 PE 126.35 11.0 2.09537392516 -115.35 52 60655.75
2010-11-25 5987.7 0 24.59 1.04 6000.0 PE 102.35 193.95 1.70933747516 91.6 59 66060.15
2010-12-30 5799.75 0 23.15 1.08 5800.0 PE 120.3 0.05 2.07422733739 -120.25 54 59566.65
2011-01-27 6101.85 0 24.35 1.02 6100.0 PE 89.0 496.4 1.45857403902 407.4 66 86455.05
2011-02-24 5604.3 0 21.64 1.11 5600.0 PE 118.85 330.85 2.12069303927 212.0 72 101719.05
2011-03-31 5262.7 0 20.15 1.18 5300.0 PE 189.65 0.1 3.60366351873 -189.55 53 91672.9
2011-04-28 5833.75 0 22.14 1.07 5800.0 PE 106.15 15.8 1.81958431541 -90.35 86 83902.8
2011-05-26 5785.45 0 21.61 1.08 5800.0 PE 122.2 390.0 2.11219524842 267.8 68 102113.2
2011-06-30 5412.35 0 19.95 1.25 5400.0 PE 120.8 0.1 2.23193252469 -120.7 84 91974.4
2011-07-28 5647.4 0 20.82 1.25 5600.0 PE 84.85 106.2 1.50246130963 21.35 108 94280.2
2011-08-25 5487.75 0 19.86 1.29 5500.0 PE 107.1 657.95 1.9516195162 550.85 88 142755.0
2011-09-29 4839.6 0 17.47 1.57 4800.0 PE 131.35 0.1 2.71406727829 -131.25 108 128580.0
2011-11-24 5201.8 0 18.43 1.45 5200.0 PE 108.1 442.4 2.07812680226 334.3 118 168027.4
2011-12-29 4756.45 0 17.22 1.59 4800.0 PE 163.25 148.3 3.43218156398 -14.95 102 166502.5
2012-01-25 4646.25 0 16.83 1.62 4600.0 PE 96.8 0.05 2.08340059188 -96.75 172 149861.5
2012-02-23 5158.3 1 18.38 1.51 5200.0 CE 101.1 280.55 1.9599480449 179.45 148 176420.1
2012-03-29 5483.3 1 19.21 1.44 5500.0 CE 175.85 0.05 3.20701037696 -175.8 100 158840.1
2012-04-26 5178.85 1 18.3 1.54 5200.0 CE 149.0 0.65 2.87708661189 -148.35 106 143115.0
2012-05-31 5189.0 1 18.22 1.53 5200.0 CE 122.65 0.05 2.36365388321 -122.6 116 128893.4
2012-06-28 4924.25 1 16.66 1.66 4900.0 CE 135.05 250.5 2.74254962685 115.45 95 139861.15
2012-07-26 5149.15 1 17.08 1.55 5100.0 CE 135.7 0.1 2.635386423 -135.6 103 125894.35
2012-08-30 5043.0 1 16.62 1.6 5000.0 CE 149.1 303.75 2.95657346817 154.65 84 138884.95
2012-09-27 5315.05 1 17.83 1.56 5300.0 CE 105.05 350.65 1.97646306244 245.6 132 171304.15
2012-10-25 5649.5 1 18.98 1.46 5600.0 CE 147.15 101.25 2.60465527923 -45.9 116 165979.75
2012-11-29 5705.3 1 18.81 1.41 5700.0 CE 120.7 123.4 2.11557674443 2.7 137 166349.65
2012-12-27 5825.0 1 18.42 1.41 5800.0 CE 126.35 69.65 2.16909871245 -56.7 131 158921.95
2013-01-31 5870.1 1 18.57 1.4 5900.0 CE 111.45 133.85 1.89860479379 22.4 142 162102.75
2013-02-28 6034.75 0.7 18.5 1.37 6000.0 CE 125.5 0.05 2.07962218816 -125.45 129 145919.7
2013-03-28 5693.05 0.7 17.66 1.44 5700.0 CE 104.45 0.35 1.83469317852 -104.1 139 131449.8
2013-04-25 5662.75 0.7 17.57 1.46 5700.0 CE 94.35 207.4 1.66615160479 113.05 139 147163.75
2013-05-30 5679.75 0.7 18.0 1.4 5700.0 CE 244.5 422.9 4.30476693516 178.4 60 157867.75
2013-06-27 6124.05 0.7 18.37 1.36 6100.0 CE 114.4 0.05 1.86804483961 -114.35 137 142201.8
2013-07-25 5682.35 0.7 17.28 1.46 5700.0 CE 101.35 207.85 1.78359305569 106.5 140 157111.8
2013-08-29 5907.5 0.7 17.68 1.4 5900.0 CE 137.7 0.05 2.3309352518 -137.65 114 141419.7
2013-09-26 5409.05 0.7 15.59 1.56 5400.0 CE 162.1 481.35 2.99682938779 319.25 87 169194.45
2013-10-31 5882.25 0.7 17.1 1.55 5900.0 CE 190.75 392.4 3.24280674912 201.65 88 186939.65
